226
1 5 11 24 26 43 51
2 4 13 27 49 50
3 7 6 23 34 55 57 185 195
4 6 11 33 37 53 59 63
5 6 22 28 37 48 58 64
6 5 3 44 51 55 57
7 6 18 20 21 43 50 66
8 5 10 15 28 58 61
9 5 41 56 62 139 208
10 9 8 15 25 28 94 108 124 182 213
11 7 1 4 19 24 26 53 59
12 4 13 46 60 65
13 7 2 12 46 49 50 65 66
14 5 15 19 56 61 62
15 8 8 10 14 56 61 89 138 182
16 5 20 21 23 31 55
17 3 30 39 40
18 4 7 20 27 50
19 6 11 14 26 59 61 62
20 6 7 16 18 21 27 31
21 6 7 16 20 43 51 55
22 6 5 40 48 52 64 67
23 6 3 16 31 34 35 55
24 6 1 11 43 46 53 66
25 6 10 28 36 48 108 213
26 6 1 11 19 44 51 62
27 4 2 18 20 50
28 6 5 8 10 25 48 58
29 5 38 47 54 63 64
30 4 17 40 47 67
31 4 16 20 23 35
32 5 33 46 54 60 63
33 5 4 32 46 53 63
34 6 3 23 35 97 116 185
35 5 23 31 34 116 192
36 4 25 45 48 108
37 6 4 5 58 59 63 64
38 3 29 47 54
39 3 17 40 42
40 7 17 22 30 39 42 52 67
41 6 9 44 57 62 139 173
42 4 39 40 45 52
43 6 1 7 21 24 51 66
44 6 6 26 41 51 57 62
45 4 36 42 48 52
46 8 12 13 24 32 33 53 60 66
47 5 29 30 38 64 67
48 7 5 22 25 28 36 45 52
49 3 2 13 65
50 6 2 7 13 18 27 66
51 7 1 6 21 26 43 44 55
52 5 22 40 42 45 48
53 5 4 11 24 33 46
54 5 29 32 38 60 63
55 6 3 6 16 21 23 51
56 7 9 14 15 62 89 141 208
57 7 3 6 41 44 93 173 195
58 6 5 8 28 37 59 61
59 6 4 11 19 37 58 61
60 4 12 32 46 54
61 6 8 14 15 19 58 59
62 7 9 14 19 26 41 44 56
63 7 4 29 32 33 37 54 64
64 7 5 22 29 37 47 63 67
65 3 12 13 49
66 6 7 13 24 43 46 50
67 5 22 30 40 47 64
68 6 70 147 180 199 205 218
69 5 77 99 101 153 215
70 5 68 101 147 180 215
71 6 86 110 114 116 167 168
72 5 137 151 184 217 225
73 6 126 135 136 145 164 194
74 6 96 134 136 145 175 214
75 7 95 100 124 131 177 179 182
76 5 101 144 201 209 223
77 7 69 101 104 144 153 159 204
78 6 106 143 151 169 178 210
79 6 112 143 154 183 210 225
80 6 87 91 130 180 215 218
81 4 102 104 159 203
82 5 83 92 118 121 156
83 7 82 88 118 120 121 149 191
84 5 120 148 149 188 191
85 6 142 146 152 169 174 193
86 6 71 97 114 116 187 202
87 3 80 91 130
88 5 83 120 121 199 205
89 8 15 56 105 115 127 138 141 177
90 2 213 222
91 3 80 87 215
92 2 82 118
93 6 57 165 173 195 197 219
94 4 10 124 131 213
95 7 75 100 109 125 127 131 179
96 5 74 145 164 175 176
97 5 34 86 116 185 187
98 5 111 123 127 142 193
99 4 69 117 153 215
100 5 75 95 115 127 177
101 8 69 70 76 77 144 147 201 215
102 6 81 104 168 203 204 226
103 3 157 161 188
104 5 77 81 102 159 204
105 7 89 123 127 141 166 193 208
106 5 78 169 178 200 212
107 6 113 155 196 209 223 226
108 4 10 25 36 213
109 7 95 122 125 128 136 160 179
110 5 71 132 167 168 192
111 5 98 127 134 142 189
112 6 79 154 183 201 220 223
113 6 107 143 163 183 196 223
114 6 71 86 155 168 202 226
115 4 89 100 127 177
116 7 34 35 71 86 97 167 192
117 3 99 153 159
118 4 82 83 92 191
119 5 140 157 164 176 224
120 10 83 84 88 148 149 150 170 199 205 207
121 5 82 83 88 156 199
122 5 109 128 160 172 211
123 4 98 105 127 193
124 5 10 75 94 131 182
125 5 95 109 127 134 136
126 4 73 140 164 194
127 10 89 95 98 100 105 111 115 123 125 134
128 6 109 122 131 160 172 179
129 4 137 148 216 217
130 4 80 87 162 218
131 9 75 94 95 124 128 172 179 213 222
132 3 110 168 203
133 6 137 171 175 176 184 198
134 7 74 111 125 127 136 189 214
135 6 73 136 186 194 206 221
136 9 73 74 109 125 134 135 145 160 221
137 7 72 129 133 184 198 216 217
138 4 15 89 177 182
139 6 9 41 166 173 197 208
140 3 119 126 164
141 4 56 89 105 208
142 6 85 98 111 174 189 193
143 7 78 79 113 163 178 183 210
144 5 76 77 101 204 209
145 6 73 74 96 136 164 175
146 6 85 151 169 171 174 184
147 7 68 70 101 170 201 205 220
148 8 84 120 129 150 161 188 216 217
149 4 83 84 120 191
150 6 120 148 154 207 217 225
151 7 72 78 146 169 184 210 225
152 5 85 169 181 193 212
153 5 69 77 99 117 159
154 7 79 112 150 207 210 220 225
155 5 107 114 196 202 226
156 5 82 121 158 162 199
157 4 103 119 161 224
158 4 156 162 199 218
159 5 77 81 104 117 153
160 6 109 122 128 136 211 221
161 7 103 148 157 188 198 216 224
162 4 130 156 158 218
163 6 113 143 178 190 196 200
164 7 73 96 119 126 140 145 176
165 6 93 190 196 197 200 219
166 7 105 139 181 193 197 208 212
167 4 71 110 116 192
168 7 71 102 110 114 132 203 226
169 7 78 85 106 146 151 152 212
170 5 120 147 205 207 220
171 6 133 146 174 175 184 214
172 4 122 128 131 222
173 5 41 57 93 139 197
174 6 85 142 146 171 189 214
175 7 74 96 133 145 171 176 214
176 7 96 119 133 164 175 198 224
177 6 75 89 100 115 138 182
178 5 78 106 143 163 200
179 5 75 95 109 128 131
180 5 68 70 80 215 218
181 4 152 166 193 212
182 6 10 15 75 124 138 177
183 5 79 112 113 143 223
184 6 72 133 137 146 151 171
185 5 3 34 97 187 195
186 2 135 206
187 6 86 97 185 195 202 219
188 4 84 103 148 161
189 5 111 134 142 174 214
190 4 163 165 196 200
191 4 83 84 118 149
192 4 35 110 116 167
193 8 85 98 105 123 142 152 166 181
194 3 73 126 135
195 6 3 57 93 185 187 219
196 8 107 113 155 163 165 190 202 219
197 7 93 139 165 166 173 200 212
198 6 133 137 161 176 216 224
199 8 68 88 120 121 156 158 205 218
200 7 106 163 165 178 190 197 212
201 6 76 101 112 147 220 223
202 6 86 114 155 187 196 219
203 4 81 102 132 168
204 6 77 102 104 144 209 226
205 7 68 88 120 147 170 199 207
206 4 135 186 211 221
207 6 120 150 154 170 205 220
208 6 9 56 105 139 141 166
209 6 76 107 144 204 223 226
210 6 78 79 143 151 154 225
211 4 122 160 206 221
212 7 106 152 166 169 181 197 200
213 7 10 25 90 94 108 131 222
214 6 74 134 171 174 175 189
215 7 69 70 80 91 99 101 180
216 6 129 137 148 161 198 224
217 6 72 129 137 148 150 225
218 7 68 80 130 158 162 180 199
219 6 93 165 187 195 196 202
220 6 112 147 154 170 201 207
221 5 135 136 160 206 211
222 4 90 131 172 213
223 7 76 107 112 113 183 201 209
224 6 119 157 161 176 198 216
225 7 72 79 150 151 154 210 217
226 7 102 107 114 155 168 204 209
