159
1 6 3 80 113 132 138 151
2 5 10 32 34 86 148
3 5 1 34 80 113 148
4 6 19 43 47 49 100 101
5 5 70 84 117 150 158
6 6 59 68 69 78 97 127
7 6 29 67 69 78 108 147
8 7 28 33 57 64 110 112 115
9 5 34 77 134 142 156
10 7 2 34 37 77 86 92 137
11 6 39 76 84 102 111 143
12 6 45 76 87 116 143 158
13 6 20 24 63 113 148 151
14 4 35 37 92 136
15 5 16 25 51 54 89
16 7 15 21 51 53 54 82 124
17 5 53 81 82 121 124
18 6 75 79 85 102 107 126
19 6 4 30 47 49 120 135
20 3 13 24 63
21 5 16 53 54 132 138
22 6 38 48 60 71 74 110
23 2 146 155
24 3 13 20 148
25 2 15 51
26 5 98 106 128 130 152
27 3 57 64 146
28 7 8 33 42 58 60 64 112
29 5 7 78 97 108 109
30 4 19 49 118 120
31 5 44 56 60 75 126
32 4 2 50 86 148
33 5 8 28 48 60 110
34 8 2 3 9 10 77 80 134 148
35 6 14 37 101 136 137 159
36 3 90 94 121
37 5 10 14 35 92 137
38 7 22 56 60 74 99 126 141
39 5 11 102 111 133 145
40 6 46 88 129 142 156 159
41 1 146
42 7 28 55 58 61 69 93 112
43 5 4 65 100 101 125
44 5 31 60 67 75 122
45 6 12 87 116 134 153 156
46 6 40 76 96 116 129 156
47 6 4 19 88 101 135 159
48 4 22 33 60 110
49 5 4 19 30 100 125
50 3 32 86 92
51 4 15 16 25 124
52 5 73 90 97 109 157
53 10 16 17 21 81 82 83 103 132 138 140
54 5 15 16 21 89 132
55 5 42 61 93 105 144
56 4 31 38 60 126
57 4 8 27 64 115
58 5 28 42 60 67 69
59 4 6 73 97 127
60 10 22 28 31 33 38 44 48 56 58 67
61 6 42 55 64 93 105 112
62 4 70 81 149 150
63 4 13 20 95 151
64 9 8 27 28 57 61 105 112 146 155
65 3 43 101 136
66 6 70 104 108 109 117 131
67 7 7 44 58 60 69 122 147
68 6 6 69 119 127 139 154
69 9 6 7 42 58 67 68 78 93 154
70 7 5 62 66 117 131 149 150
71 3 22 110 115
72 4 99 106 130 141
73 3 52 59 97
74 3 22 38 141
75 6 18 31 44 107 122 126
76 7 11 12 46 96 111 116 143
77 5 9 10 34 137 142
78 6 6 7 29 69 97 108
79 6 18 84 102 104 107 117
80 7 1 3 34 103 134 138 153
81 8 17 53 62 83 94 121 149 150
82 4 16 17 53 124
83 6 53 81 87 140 150 158
84 7 5 11 79 102 117 143 158
85 5 18 102 114 126 145
86 5 2 10 32 50 92
87 7 12 45 83 140 143 153 158
88 5 40 47 129 135 159
89 5 15 54 91 95 132
90 4 36 52 94 157
91 4 89 95 132 151
92 5 10 14 37 50 86
93 6 42 55 61 69 144 154
94 7 36 81 90 121 131 149 157
95 4 63 89 91 151
96 6 46 76 111 123 129 133
97 7 6 29 52 59 73 78 109
98 6 26 123 129 130 133 152
99 7 38 72 114 126 130 141 145
100 4 4 43 49 125
101 7 4 35 43 47 65 136 159
102 7 11 18 39 79 84 85 145
103 5 53 80 138 140 153
104 6 66 79 107 108 117 147
105 4 55 61 64 155
106 3 26 72 130
107 6 18 75 79 104 122 147
108 7 7 29 66 78 104 109 147
109 7 29 52 66 97 108 131 157
110 6 8 22 33 48 71 115
111 5 11 39 76 96 133
112 5 8 28 42 61 64
113 5 1 3 13 148 151
114 4 85 99 126 145
115 4 8 57 71 110
116 5 12 45 46 76 156
117 6 5 66 70 79 84 104
118 3 30 120 128
119 2 68 139
120 6 19 30 118 128 135 152
121 4 17 36 81 94
122 5 44 67 75 107 147
123 4 96 98 129 133
124 4 16 17 51 82
125 3 43 49 100
126 8 18 31 38 56 75 85 99 114
127 3 6 59 68
128 4 26 118 120 152
129 8 40 46 88 96 98 123 135 152
130 7 26 72 98 99 106 133 145
131 6 66 70 94 109 149 157
132 8 1 21 53 54 89 91 138 151
133 7 39 96 98 111 123 130 145
134 6 9 34 45 80 153 156
135 6 19 47 88 120 129 152
136 4 14 35 65 101
137 6 10 35 37 77 142 159
138 7 1 21 53 80 103 132 140
139 4 68 119 144 154
140 6 53 83 87 103 138 153
141 4 38 72 74 99
142 6 9 40 77 137 156 159
143 6 11 12 76 84 87 158
144 4 55 93 139 154
145 7 39 85 99 102 114 130 133
146 5 23 27 41 64 155
147 6 7 67 104 107 108 122
148 7 2 3 13 24 32 34 113
149 6 62 70 81 94 131 157
150 6 5 62 70 81 83 158
151 7 1 13 63 91 95 113 132
152 6 26 98 120 128 129 135
153 6 45 80 87 103 134 140
154 5 68 69 93 139 144
155 4 23 64 105 146
156 7 9 40 45 46 116 134 142
157 6 52 90 94 109 131 149
158 7 5 12 83 84 87 143 150
159 7 35 40 47 88 101 137 142
